101 1  16.650000  6055.132817	4223.375218	 129.132817	128.375218	 1.128018e-009
101 2  17.150000  6053.967421	4221.874073	 127.967421	126.874073	 1.130486e-009
101 3  17.650000  6053.507032	4221.054148	 127.507032	126.054148	 1.130017e-009
101 4  18.150000  6052.745282	4220.024029	 126.745282	125.024029	 1.130455e-009
101 5  18.650000  6052.135063	4219.111187	 126.135063	124.111187	 1.129485e-009
101 6  19.150000  6051.349497	4218.143707	 125.349497	123.143707	 1.129125e-009
101 7  19.650000  6050.911028	4217.360039	 124.911028	122.360039	 1.131491e-009
101 8  20.150000  6050.428812	4216.252519	 124.428812	121.252519	 1.130204e-009
101 9  20.650000  6049.785359	4215.266299	 123.785359	120.266299	 1.128903e-009
101 10  21.150000  6049.074496	4214.300248	 123.074496	119.300248	 1.128100e-009
101 11  21.650000  6048.324563	4213.473076	 122.324563	118.473076	 1.130712e-009
101 12  22.150000  6047.899247	4212.631322	 121.899247	117.631322	 1.129006e-009
101 13  22.650000  6047.033182	4211.596069	 121.033182	116.596069	 1.129117e-009
101 14  23.150000  6046.402307	4210.813072	 120.402307	115.813072	 1.127777e-009
101 15  23.650000  6046.052780	4209.759714	 120.052780	114.759714	 1.128705e-009
101 16  24.150000  6044.998419	4208.767594	 118.998419	113.767594	 1.128139e-009
101 17  24.650000  6044.821897	4207.845405	 118.821897	112.845405	 1.129691e-009
101 18  25.150000  6043.667427	4206.737778	 117.667427	111.737778	 1.129594e-009
101 19  25.650000  6043.122231	4205.820546	 117.122231	110.820546	 1.128907e-009
101 20  26.150000  6042.933906	4204.927826	 116.933906	109.927826	 1.129531e-009
101 21  26.650000  6041.768221	4203.955225	 115.768221	108.955225	 1.128791e-009
101 22  27.150000  6041.395288	4203.048664	 115.395288	108.048664	 1.127981e-009
101 23  27.650000  6040.701180	4202.277080	 114.701180	107.277080	 1.128627e-009
101 24  28.150000  6039.990497	4201.050607	 113.990497	106.050607	 1.128986e-009
101 25  28.650000  6039.353757	4199.891050	 113.353757	104.891050	 1.126782e-009
101 26  29.150000  6038.691558	4199.514028	 112.691558	104.514028	 1.126977e-009
101 27  29.650000  6037.763755	4198.518963	 111.763755	103.518963	 1.126859e-009
101 28  30.150000  6037.515153	4197.305428	 111.515153	102.305428	 1.127749e-009
101 29  30.650000  6036.530881	4196.619504	 110.530881	101.619504	 1.128680e-009
101 30  31.150000  6036.381013	4195.597334	 110.381013	100.597334	 1.126792e-009
101 31  31.650000  6035.323566	4194.523437	 109.323566	99.523437	 1.128705e-009
101 32  32.150000  6034.958427	4193.550030	 108.958427	98.550030	 1.127450e-009
101 33  32.650000  6034.408431	4192.770142	 108.408431	97.770142	 1.127484e-009
101 34  33.150000  6033.515582	4191.751671	 107.515582	96.751671	 1.128888e-009
101 35  33.650000  6032.932285	4190.566858	 106.932285	95.566858	 1.130415e-009
101 36  34.150000  6031.964139	4189.657150	 105.964139	94.657150	 1.128344e-009
101 37  34.650000  6031.814496	4188.848796	 105.814496	93.848796	 1.128699e-009
101 38  35.150000  6030.796000	4188.151330	 104.796000	93.151330	 1.127837e-009
101 39  35.650000  6030.419917	4186.989364	 104.419917	91.989364	 1.127252e-009
101 40  36.150000  6029.567299	4186.058864	 103.567299	91.058864	 1.128685e-009
101 41  36.650000  6029.074947	4185.365995	 103.074947	90.365995	 1.127088e-009
101 42  37.150000  6028.338873	4184.255490	 102.338873	89.255490	 1.127340e-009
101 43  37.650000  6027.627998	4183.579876	 101.627998	88.579876	 1.127719e-009
101 44  38.150000  6026.979508	4182.503978	 100.979508	87.503978	 1.127028e-009
101 45  38.650000  6026.264316	4181.478858	 100.264316	86.478858	 1.126541e-009
101 46  39.150000  6025.596297	4180.584203	 99.596297	85.584203	 1.129811e-009
101 47  39.650000  6024.567275	4179.570797	 98.567275	84.570797	 1.127419e-009
101 48  40.150000  6024.144714	4178.799167	 98.144714	83.799167	 1.127130e-009
101 49  40.650000  6023.795526	4177.976066	 97.795526	82.976066	 1.126391e-009
101 50  41.150000  6022.846443	4176.691269	 96.846443	81.691269	 1.126654e-009
101 51  41.650000  6022.141217	4175.844860	 96.141217	80.844860	 1.126369e-009
101 52  42.150000  6021.472824	4174.911994	 95.472824	79.911994	 1.126571e-009
101 53  42.650000  6020.303788	4174.005245	 94.303788	79.005245	 1.124697e-009
101 54  43.150000  6020.174974	4173.088840	 94.174974	78.088840	 1.126309e-009
101 55  43.650000  6019.489430	4172.360703	 93.489430	77.360703	 1.124796e-009
101 56  44.150000  6018.761771	4171.224977	 92.761771	76.224977	 1.126065e-009
101 57  44.650000  6017.950574	4170.464533	 91.950574	75.464533	 1.126815e-009
101 58  45.150000  6017.613921	4169.274328	 91.613921	74.274328	 1.125001e-009
101 59  45.650000  6016.811616	4168.416857	 90.811616	73.416857	 1.125986e-009
101 60  46.150000  6016.107708	4167.372577	 90.107708	72.372577	 1.125750e-009
101 61  46.650000  6015.395926	4166.536578	 89.395926	71.536578	 1.125556e-009
101 62  47.150000  6014.785537	4165.717953	 88.785537	70.717953	 1.125471e-009
101 63  47.650000  6014.084760	4164.899361	 88.084760	69.899361	 1.125603e-009
101 64  48.150000  6013.486191	4164.009831	 87.486191	69.009831	 1.125061e-009
101 65  48.650000  6012.660074	4163.367565	 86.660074	68.367565	 1.125746e-009
101 66  49.150000  6012.083894	4162.187850	 86.083894	67.187850	 1.126275e-009
101 67  49.650000  6011.440166	4161.276468	 85.440166	66.276468	 1.125367e-009
101 68  50.150000  6010.814141	4160.342871	 84.814141	65.342871	 1.124635e-009
101 69  50.650000  6009.856256	4159.682847	 83.856256	64.682847	 1.124882e-009
101 70  51.150000  6009.416054	4158.649461	 83.416054	63.649461	 1.124076e-009
101 71  51.650000  6008.667421	4157.697869	 128.667421	128.697869	 1.151782e-009
101 72  52.150000  6007.919654	4156.731634	 127.919654	127.731634	 1.155267e-009
101 73  52.650000  6007.263472	4155.698044	 127.263472	126.698044	 1.153339e-009
101 74  53.150000  6006.499754	4154.908104	 126.499754	125.908104	 1.152562e-009
101 75  53.650000  6005.784477	4154.118584	 125.784477	125.118584	 1.153960e-009
101 76  54.150000  6005.351526	4152.883030	 125.351526	123.883030	 1.155404e-009
101 77  54.650000  6004.597462	4151.952637	 124.597462	122.952637	 1.154826e-009
101 78  55.150000  6003.643690	4151.310921	 123.643690	122.310921	 1.155431e-009
101 79  55.650000  6003.064309	4150.437951	 123.064309	121.437951	 1.156953e-009
101 80  56.150000  6002.471933	4149.399079	 122.471933	120.399079	 1.157265e-009
101 81  56.650000  6001.725300	4148.563825	 121.725300	119.563825	 1.156947e-009
101 82  57.150000  6000.768054	4147.798144	 120.768054	118.798144	 1.159553e-009
101 83  57.650000  6000.437445	4146.766142	 120.437445	117.766142	 1.156375e-009
101 84  58.150000  5999.817252	4145.945957	 119.817252	116.945957	 1.158386e-009
101 85  58.650000  5998.944562	4144.820006	 118.944562	115.820006	 1.158299e-009
101 86  59.150000  5998.576907	4144.056476	 118.576907	115.056476	 1.157557e-009
101 87  59.650000  5997.589358	4143.100742	 117.589358	114.100742	 1.156174e-009
101 88  60.150000  5996.686196	4142.460612	 116.686196	113.460612	 1.156633e-009
101 89  60.650000  5996.525988	4141.174944	 116.525988	112.174944	 1.156947e-009
101 90  61.150000  5995.730544	4140.478862	 115.730544	111.478862	 1.159295e-009
101 91  61.650000  5994.881866	4139.662871	 114.881866	110.662871	 1.161859e-009
101 92  62.150000  5994.061044	4138.573515	 114.061044	109.573515	 1.160325e-009
101 93  62.650000  5993.550553	4137.740501	 113.550553	108.740501	 1.158395e-009
101 94  63.150000  5992.722008	4137.047673	 112.722008	108.047673	 1.161328e-009
101 95  63.650000  5991.943554	4136.003541	 111.943554	107.003541	 1.160464e-009
101 96  64.150000  5991.152258	4135.084848	 111.152258	106.084848	 1.162969e-009
101 97  64.650000  5990.443488	4134.351334	 110.443488	105.351334	 1.161646e-009
101 98  65.150000  5989.849630	4133.357248	 109.849630	104.357248	 1.162067e-009
101 99  65.650000  5989.135577	4132.390960	 109.135577	103.390960	 1.161842e-009
101 100  66.150000  5988.195165	4131.459652	 108.195165	102.459652	 1.161577e-009
101 101  66.650000  5987.921740	4130.474158	 107.921740	101.474158	 1.161403e-009
101 102  67.150000  5986.833597	4129.674451	 106.833597	100.674451	 1.159061e-009
101 103  67.650000  5986.283877	4128.998904	 106.283877	99.998904	 1.159155e-009
101 104  68.150000  5985.731895	4127.898618	 105.731895	98.898618	 1.162806e-009
101 105  68.650000  5985.038978	4126.968100	 105.038978	97.968100	 1.161134e-009
101 106  69.150000  5983.976134	4126.049600	 103.976134	97.049600	 1.163480e-009
101 107  69.650000  5983.434615	4125.371473	 103.434615	96.371473	 1.162317e-009
101 108  70.150000  5982.705591	4124.204232	 102.705591	95.204232	 1.163963e-009
101 109  70.650000  5981.991837	4123.544476	 101.991837	94.544476	 1.166148e-009
101 110  71.150000  5981.619295	4122.568074	 101.619295	93.568074	 1.164487e-009
101 111  71.650000  5980.416324	4121.691327	 100.416324	92.691327	 1.165719e-009
101 112  72.150000  5980.080809	4120.925019	 100.080809	91.925019	 1.165200e-009
101 113  72.650000  5979.110530	4119.846299	 99.110530	90.846299	 1.165043e-009
101 114  73.150000  5978.704877	4118.943547	 98.704877	89.943547	 1.165619e-009
101 115  73.650000  5977.681888	4118.332789	 97.681888	89.332789	 1.167151e-009
101 116  74.150000  5977.278850	4117.216855	 97.278850	88.216855	 1.163943e-009
101 117  74.650000  5976.640727	4116.214872	 96.640727	87.214872	 1.164485e-009
101 118  75.150000  5975.980344	4115.538759	 95.980344	86.538759	 1.166696e-009
101 119  75.650000  5974.760845	4114.834866	 94.760845	85.834866	 1.166814e-009
101 120  76.150000  5973.978833	4113.872696	 93.978833	84.872696	 1.163481e-009
101 121  76.650000  5973.497847	4112.955771	 93.497847	83.955771	 1.167672e-009
101 122  77.150000  5972.572043	4111.912654	 92.572043	82.912654	 1.168775e-009
101 123  77.650000  5971.964736	4111.414834	 91.964736	82.414834	 1.168268e-009
101 124  78.150000  5971.222861	4110.366800	 91.222861	81.366800	 1.169993e-009
101 125  78.650000  5970.508353	4109.677915	 90.508353	80.677915	 1.168026e-009
101 126  79.150000  5969.473198	4108.536612	 89.473198	79.536612	 1.169761e-009
101 127  79.650000  5969.258522	4107.712551	 89.258522	78.712551	 1.166368e-009
101 128  80.150000  5968.422569	4106.754099	 88.422569	77.754099	 1.165888e-009
101 129  80.650000  5967.522918	4106.518990	 87.522918	77.518990	 1.167340e-009
101 130  81.150000  5966.670549	4105.228479	 86.670549	76.228479	 1.168856e-009
101 131  81.650000  5966.381983	4104.186132	 86.381983	75.186132	 1.167645e-009
101 132  82.150000  5965.189994	4103.396517	 85.189994	74.396517	 1.166159e-009
101 133  82.650000  5964.969767	4102.451241	 84.969767	73.451241	 1.167765e-009
101 134  83.150000  5964.023260	4101.707921	 84.023260	72.707921	 1.167929e-009
101 135  83.650000  5963.486004	4100.829015	 83.486004	71.829015	 1.166855e-009
101 136  84.150000  5962.657109	4099.936555	 82.657109	70.936555	 1.167881e-009
101 137  84.650000  5961.684274	4099.139664	 81.684274	70.139664	 1.168454e-009
101 138  85.150000  5961.093262	4098.376985	 81.093262	69.376985	 1.171353e-009
101 139  85.650000  5960.208017	4097.536606	 80.208017	68.536606	 1.169669e-009
101 140  86.150000  5959.861901	4096.667652	 79.861901	67.667652	 1.169248e-009
101 141  86.650000  5958.810223	4095.888962	 78.810223	66.888962	 1.172167e-009
101 142  87.150000  5957.998949	4094.951169	 77.998949	65.951169	 1.169059e-009
101 143  87.650000  5957.000305	4093.601830	 77.000305	64.601830	 1.166874e-009
101 144  88.150000  5956.774425	4092.749548	 76.774425	63.749548	 1.168577e-009
101 145  88.650000  5955.520684	4092.149078	 128.520684	128.149078	 1.205085e-009
101 146  89.150000  5955.434063	4091.360906	 128.434063	127.360906	 1.203771e-009
101 147  89.650000  5954.469286	4090.461846	 127.469286	126.461846	 1.203917e-009
101 148  90.150000  5953.556147	4089.549740	 126.556147	125.549740	 1.203793e-009
101 149  90.650000  5953.139283	4088.659602	 126.139283	124.659602	 1.202385e-009
101 150  91.150000  5952.132396	4087.792203	 125.132396	123.792203	 1.203618e-009
101 151  91.650000  5951.524933	4086.866349	 124.524933	122.866349	 1.206625e-009
101 152  92.150000  5950.680991	4086.211083	 123.680991	122.211083	 1.205369e-009
101 153  92.650000  5950.145933	4085.315457	 123.145933	121.315457	 1.206957e-009
101 154  93.150000  5949.329597	4084.503040	 122.329597	120.503040	 1.206444e-009
101 155  93.650000  5948.549955	4083.725476	 121.549955	119.725476	 1.208974e-009
101 156  94.150000  5947.699925	4082.588884	 120.699925	118.588884	 1.207912e-009
101 157  94.650000  5946.650904	4082.183310	 119.650904	118.183310	 1.209415e-009
101 158  95.150000  5946.116429	4081.223966	 119.116429	117.223966	 1.209438e-009
101 159  95.650000  5945.405341	4080.296287	 118.405341	116.296287	 1.206290e-009
101 160  96.150000  5944.748825	4079.428651	 117.748825	115.428651	 1.206898e-009
101 161  96.650000  5943.897571	4078.464612	 116.897571	114.464612	 1.205809e-009
101 162  97.150000  5943.371675	4077.848811	 116.371675	113.848811	 1.208282e-009
101 163  97.650000  5942.302519	4076.840524	 115.302519	112.840524	 1.205493e-009
101 164  98.150000  5941.734963	4075.785399	 114.734963	111.785399	 1.206171e-009
101 165  98.650000  5941.312562	4075.307683	 114.312562	111.307683	 1.208596e-009
101 166  99.150000  5939.951692	4074.523638	 112.951692	110.523638	 1.209035e-009
101 167  99.650000  5939.585338	4073.491667	 112.585338	109.491667	 1.209763e-009
101 168  100.150000  5938.888369	4072.510700	 111.888369	108.510700	 1.210682e-009
101 169  100.650000  5937.945043	4071.747461	 110.945043	107.747461	 1.208579e-009
101 170  101.150000  5936.981456	4070.820533	 109.981456	106.820533	 1.210761e-009
101 171  101.650000  5936.484396	4070.202005	 109.484396	106.202005	 1.207668e-009
101 172  102.150000  5935.818511	4069.377147	 108.818511	105.377147	 1.212004e-009
101 173  102.650000  5934.824272	4068.429000	 107.824272	104.429000	 1.208009e-009
101 174  103.150000  5934.293623	4067.661234	 107.293623	103.661234	 1.209654e-009
101 175  103.650000  5933.371361	4066.785977	 106.371361	102.785977	 1.207994e-009
101 176  104.150000  5932.521432	4066.064994	 105.521432	102.064994	 1.210636e-009
101 177  104.650000  5932.090199	4065.329671	 105.090199	101.329671	 1.212085e-009
101 178  105.150000  5931.016608	4064.460786	 104.016608	100.460786	 1.211322e-009
101 179  105.650000  5930.301180	4063.624850	 103.301180	99.624850	 1.211122e-009
101 180  106.150000  5929.388739	4062.445046	 102.388739	98.445046	 1.207800e-009
101 181  106.650000  5928.821540	4061.754863	 101.821540	97.754863	 1.208695e-009
101 182  107.150000  5928.008879	4060.764634	 101.008879	96.764634	 1.209482e-009
101 183  107.650000  5927.455485	4060.028265	 100.455485	96.028265	 1.209809e-009
101 184  108.150000  5926.364711	4059.249764	 99.364711	95.249764	 1.209906e-009
101 185  108.650000  5925.997331	4058.683206	 98.997331	94.683206	 1.213157e-009
101 186  109.150000  5925.135216	4057.433134	 98.135216	93.433134	 1.214000e-009
101 187  109.650000  5924.495453	4056.767162	 97.495453	92.767162	 1.211952e-009
101 188  110.150000  5923.523197	4055.817077	 96.523197	91.817077	 1.214161e-009
101 189  110.650000  5922.785894	4055.092960	 95.785894	91.092960	 1.210543e-009
101 190  111.150000  5921.856144	4054.076645	 94.856144	90.076645	 1.212599e-009
101 191  111.650000  5921.474465	4053.275616	 94.474465	89.275616	 1.211782e-009
101 192  112.150000  5920.270345	4052.643400	 93.270345	88.643400	 1.209057e-009
101 193  112.650000  5919.591922	4051.886614	 92.591922	87.886614	 1.211368e-009
101 194  113.150000  5918.392279	4050.885591	 91.392279	86.885591	 1.212113e-009
101 195  113.650000  5918.035631	4050.393519	 91.035631	86.393519	 1.214260e-009
101 196  114.150000  5917.338400	4049.209796	 90.338400	85.209796	 1.213379e-009
101 197  114.650000  5916.739431	4048.479423	 89.739431	84.479423	 1.213029e-009
101 198  115.150000  5915.827371	4047.627170	 88.827371	83.627170	 1.211952e-009
101 199  115.650000  5915.102653	4046.881810	 88.102653	82.881810	 1.212392e-009
101 200  116.150000  5914.089992	4045.979120	 87.089992	81.979120	 1.213770e-009
101 201  116.650000  5913.441196	4045.189485	 86.441196	81.189485	 1.213608e-009
101 202  117.150000  5912.354201	4044.437805	 85.354201	80.437805	 1.213900e-009
101 203  117.650000  5911.949841	4043.548976	 84.949841	79.548976	 1.214614e-009
101 204  118.150000  5911.018349	4042.505542	 84.018349	78.505542	 1.215177e-009
101 205  118.650000  5910.207328	4041.747081	 83.207328	77.747081	 1.215098e-009
101 206  119.150000  5909.635793	4041.488139	 82.635793	77.488139	 1.211715e-009
101 207  119.650000  5908.409536	4040.351419	 81.409536	76.351419	 1.214860e-009
101 208  120.150000  5907.940913	4039.531962	 80.940913	75.531962	 1.212764e-009
101 209  120.650000  5907.144839	4038.637718	 80.144839	74.637718	 1.213159e-009
101 210  121.150000  5906.352572	4037.850998	 79.352572	73.850998	 1.212909e-009
101 211  121.650000  5905.148416	4036.882733	 78.148416	72.882733	 1.212651e-009
101 212  122.150000  5904.799073	4036.592138	 77.799073	72.592138	 1.214620e-009
101 213  122.650000  5904.164359	4035.360111	 77.164359	71.360111	 1.213908e-009
101 214  123.150000  5903.409608	4034.655776	 76.409608	70.655776	 1.215478e-009
101 215  123.650000  5902.185006	4033.747914	 75.185006	69.747914	 1.213502e-009
101 216  124.150000  5901.421797	4033.430054	 74.421797	69.430054	 1.214096e-009
101 217  124.650000  5900.953202	4032.343113	 73.953202	68.343113	 1.213822e-009
101 218  125.150000  5900.170473	4031.166430	 73.170473	67.166430	 1.218038e-009
101 219  125.650000  5899.173640	4030.545879	 72.173640	66.545879	 1.216551e-009
101 220  126.150000  5898.399603	4029.889343	 71.399603	65.889343	 1.215405e-009
101 221  126.650000  5898.066276	4029.317402	 71.066276	65.317402	 1.214900e-009
101 222  127.150000  5897.030386	4028.374374	 70.030386	64.374374	 1.216383e-009
101 223  127.650000  5896.330475	4027.528761	 69.330475	63.528761	 1.215351e-009
101 224  128.150000  5895.196153	4026.893758	 128.196153	128.893758	 1.226044e-009
101 225  128.650000  5894.312450	4025.816033	 127.312450	127.816033	 1.224197e-009
101 226  129.150000  5893.736918	4025.116457	 126.736918	127.116457	 1.222674e-009
101 227  129.650000  5892.907962	4024.241383	 125.907962	126.241383	 1.226414e-009
101 228  130.150000  5891.974438	4023.116941	 124.974438	125.116941	 1.223989e-009
101 229  130.650000  5891.172318	4022.760204	 124.172318	124.760204	 1.227723e-009
101 230  131.150000  5890.546409	4021.912590	 123.546409	123.912590	 1.225970e-009
101 231  131.650000  5889.567536	4021.243337	 122.567536	123.243337	 1.223489e-009
101 232  132.150000  5889.080545	4020.182716	 122.080545	122.182716	 1.222556e-009
101 233  132.650000  5888.295321	4019.391058	 121.295321	121.391058	 1.223863e-009
101 234  133.150000  5886.964437	4018.696679	 119.964437	120.696679	 1.224673e-009
101 235  133.650000  5886.715285	4017.727280	 119.715285	119.727280	 1.222072e-009
101 236  134.150000  5885.749469	4016.700189	 118.749469	118.700189	 1.223698e-009
101 237  134.650000  5884.959956	4016.083031	 117.959956	118.083031	 1.221243e-009
101 238  135.150000  5884.276113	4015.451228	 117.276113	117.451228	 1.222642e-009
101 239  135.650000  5883.310690	4014.786054	 116.310690	116.786054	 1.223127e-009
101 240  136.150000  5882.377234	4013.906575	 115.377234	115.906575	 1.223774e-009
101 241  136.650000  5882.055478	4013.000093	 115.055478	115.000093	 1.225322e-009
101 242  137.150000  5880.953284	4012.672672	 113.953284	114.672672	 1.223508e-009
101 243  137.650000  5880.199624	4011.592153	 113.199624	113.592153	 1.223930e-009
101 244  138.150000  5879.216610	4010.601316	 112.216610	112.601316	 1.224369e-009
101 245  138.650000  5878.416933	4010.078769	 111.416933	112.078769	 1.223112e-009
101 246  139.150000  5877.664245	4009.149470	 110.664245	111.149470	 1.224960e-009
101 247  139.650000  5876.868807	4008.380009	 109.868807	110.380009	 1.221720e-009
101 248  140.150000  5875.958480	4007.236781	 108.958480	109.236781	 1.221923e-009
101 249  140.650000  5875.281170	4006.674581	 108.281170	108.674581	 1.222004e-009
101 250  141.150000  5874.406768	4005.908408	 107.406768	107.908408	 1.219674e-009
101 251  141.650000  5873.459160	4005.022324	 106.459160	107.022324	 1.220454e-009
101 252  142.150000  5872.921722	4004.217237	 105.921722	106.217237	 1.222109e-009
101 253  142.650000  5871.805268	4004.093516	 104.805268	106.093516	 1.220714e-009
101 254  143.150000  5871.106226	4002.863475	 104.106226	104.863475	 1.220253e-009
101 255  143.650000  5870.334574	4002.328114	 103.334574	104.328114	 1.224296e-009
101 256  144.150000  5869.707957	4001.288246	 102.707957	103.288246	 1.220759e-009
101 257  144.650000  5868.884682	4000.360045	 101.884682	102.360045	 1.223048e-009
101 258  145.150000  5867.776871	3999.812959	 100.776871	101.812959	 1.220570e-009
101 259  145.650000  5867.051146	3999.085231	 100.051146	101.085231	 1.226148e-009
