101 1  16.650000  6705.590168	6365.774391	 128.590168	128.774391	 1.207181e-011
101 2  17.150000  6705.992831	6363.712101	 128.992831	126.712101	 1.205760e-011
101 3  17.650000  6706.195693	6362.511671	 129.195693	125.511671	 1.206259e-011
101 4  18.150000  6706.367487	6360.592872	 129.367487	123.592872	 1.206128e-011
101 5  18.650000  6706.619073	6359.604498	 129.619073	122.604498	 1.206416e-011
101 6  19.150000  6706.990262	6357.828947	 129.990262	120.828947	 1.207161e-011
101 7  19.650000  6707.591590	6356.115383	 130.591590	119.115383	 1.206159e-011
101 8  20.150000  6707.688762	6354.921501	 130.688762	117.921501	 1.207680e-011
101 9  20.650000  6707.718798	6352.904203	 130.718798	115.904203	 1.206741e-011
101 10  21.150000  6708.268599	6351.789200	 131.268599	114.789200	 1.206779e-011
101 11  21.650000  6708.675614	6349.994139	 131.675614	112.994139	 1.206641e-011
101 12  22.150000  6709.300770	6348.101871	 132.300770	111.101871	 1.207565e-011
101 13  22.650000  6708.990243	6346.867306	 131.990243	109.867306	 1.206930e-011
101 14  23.150000  6709.415517	6345.580960	 132.415517	108.580960	 1.207183e-011
101 15  23.650000  6709.588379	6343.850945	 132.588379	106.850945	 1.207584e-011
101 16  24.150000  6710.645333	6342.105578	 133.645333	105.105578	 1.208860e-011
101 17  24.650000  6710.287507	6341.071832	 133.287507	104.071832	 1.204640e-011
101 18  25.150000  6711.313146	6339.407898	 134.313146	102.407898	 1.211267e-011
101 19  25.650000  6711.061790	6338.016739	 134.061790	101.016739	 1.206690e-011
101 20  26.150000  6711.587783	6336.444094	 134.587783	99.444094	 1.205002e-011
101 21  26.650000  6711.795879	6334.394026	 134.795879	97.394026	 1.210067e-011
101 22  27.150000  6711.975618	6332.978068	 134.975618	95.978068	 1.206366e-011
101 23  27.650000  6712.341590	6331.171927	 135.341590	94.171927	 1.208011e-011
101 24  28.150000  6712.724718	6329.586919	 135.724718	92.586919	 1.207608e-011
101 25  28.650000  6712.995118	6328.264955	 135.995118	91.264955	 1.208056e-011
101 26  29.150000  6713.216281	6326.607430	 136.216281	89.607430	 1.209451e-011
101 27  29.650000  6713.880503	6325.119790	 136.880503	88.119790	 1.209263e-011
101 28  30.150000  6713.725361	6323.229164	 136.725361	86.229164	 1.210420e-011
101 29  30.650000  6714.386973	6322.009599	 137.386973	85.009599	 1.208021e-011
101 30  31.150000  6714.212479	6320.454874	 137.212479	83.454874	 1.207093e-011
101 31  31.650000  6714.806081	6319.509787	 137.806081	82.509787	 1.208287e-011
101 32  32.150000  6715.289556	6317.384612	 138.289556	80.384612	 1.209022e-011
101 33  32.650000  6715.362368	6315.840404	 138.362368	78.840404	 1.208354e-011
101 34  33.150000  6715.568786	6314.205631	 138.568786	77.205631	 1.208892e-011
101 35  33.650000  6716.285295	6312.907559	 139.285295	75.907559	 1.206749e-011
101 36  34.150000  6716.026514	6311.144121	 139.026514	74.144121	 1.208571e-011
101 37  34.650000  6716.549545	6309.841860	 139.549545	72.841860	 1.210074e-011
101 38  35.150000  6716.930770	6308.159329	 139.930770	71.159329	 1.208302e-011
101 39  35.650000  6717.233625	6306.438924	 140.233625	69.438924	 1.208162e-011
101 40  36.150000  6717.454022	6304.854012	 140.454022	67.854012	 1.206500e-011
101 41  36.650000  6717.673559	6303.372932	 140.673559	66.372932	 1.209850e-011
101 42  37.150000  6718.190582	6301.649999	 141.190582	64.649999	 1.209234e-011
101 43  37.650000  6718.498035	6300.447777	 141.498035	63.447777	 1.210690e-011
101 44  38.150000  6718.639684	6298.412509	 128.639684	128.412509	 1.095160e-011
101 45  38.650000  6718.923557	6296.992458	 128.923557	126.992458	 1.096078e-011
101 46  39.150000  6719.199284	6295.517351	 129.199284	125.517351	 1.096892e-011
101 47  39.650000  6719.681238	6293.739608	 129.681238	123.739608	 1.095465e-011
101 48  40.150000  6720.038480	6292.544369	 130.038480	122.544369	 1.094475e-011
101 49  40.650000  6720.069866	6290.708828	 130.069866	120.708828	 1.095149e-011
101 50  41.150000  6720.743369	6289.311370	 130.743369	119.311370	 1.092623e-011
101 51  41.650000  6720.893409	6287.914189	 130.893409	117.914189	 1.092957e-011
101 52  42.150000  6721.130056	6286.395597	 131.130056	116.395597	 1.096357e-011
101 53  42.650000  6721.360918	6284.640494	 131.360918	114.640494	 1.092684e-011
101 54  43.150000  6721.693085	6282.876213	 131.693085	112.876213	 1.094984e-011
101 55  43.650000  6722.008425	6281.607315	 132.008425	111.607315	 1.095337e-011
101 56  44.150000  6721.667809	6280.068067	 131.667809	110.068067	 1.095195e-011
101 57  44.650000  6722.781802	6278.161623	 132.781802	108.161623	 1.096233e-011
101 58  45.150000  6722.475404	6276.549650	 132.475404	106.549650	 1.096022e-011
101 59  45.650000  6723.365498	6275.251689	 133.365498	105.251689	 1.095446e-011
101 60  46.150000  6723.025169	6273.808662	 133.025169	103.808662	 1.095754e-011
101 61  46.650000  6723.361049	6271.735575	 133.361049	101.735575	 1.095979e-011
101 62  47.150000  6723.918783	6270.403189	 133.918783	100.403189	 1.095751e-011
101 63  47.650000  6723.932936	6268.669837	 133.932936	98.669837	 1.095444e-011
101 64  48.150000  6724.415070	6267.241518	 134.415070	97.241518	 1.095258e-011
101 65  48.650000  6724.331454	6265.637414	 134.331454	95.637414	 1.093667e-011
101 66  49.150000  6724.604254	6264.545627	 134.604254	94.545627	 1.096225e-011
101 67  49.650000  6725.203627	6262.704867	 135.203627	92.704867	 1.096976e-011
101 68  50.150000  6724.958920	6260.835771	 134.958920	90.835771	 1.093676e-011
101 69  50.650000  6725.795162	6259.669470	 135.795162	89.669470	 1.094822e-011
101 70  51.150000  6725.702604	6258.262305	 135.702604	88.262305	 1.093891e-011
101 71  51.650000  6726.255093	6256.415038	 136.255093	86.415038	 1.095469e-011
101 72  52.150000  6726.550190	6254.795075	 136.550190	84.795075	 1.095042e-011
101 73  52.650000  6726.452512	6253.138607	 136.452512	83.138607	 1.095325e-011
101 74  53.150000  6726.989440	6251.732077	 136.989440	81.732077	 1.095381e-011
101 75  53.650000  6727.150660	6249.888745	 137.150660	79.888745	 1.099364e-011
101 76  54.150000  6727.653081	6248.546322	 137.653081	78.546322	 1.093758e-011
101 77  54.650000  6728.121683	6246.968836	 138.121683	76.968836	 1.098816e-011
101 78  55.150000  6727.817000	6245.254448	 137.817000	75.254448	 1.096362e-011
101 79  55.650000  6728.146230	6243.581540	 138.146230	73.581540	 1.096293e-011
101 80  56.150000  6728.495840	6242.818178	 138.495840	72.818178	 1.097515e-011
101 81  56.650000  6728.519938	6240.587853	 138.519938	70.587853	 1.096812e-011
101 82  57.150000  6729.002579	6239.486552	 139.002579	69.486552	 1.096596e-011
101 83  57.650000  6729.412662	6237.418426	 139.412662	67.418426	 1.097052e-011
101 84  58.150000  6729.271704	6235.931010	 139.271704	65.931010	 1.099114e-011
101 85  58.650000  6729.594701	6234.841819	 139.594701	64.841819	 1.095967e-011
101 86  59.150000  6729.981956	6233.105894	 139.981956	63.105894	 1.099370e-011
101 87  59.650000  6729.792001	6231.430082	 127.792001	128.430082	 1.099442e-011
101 88  60.150000  6730.569887	6230.113299	 128.569887	127.113299	 1.103198e-011
101 89  60.650000  6730.306670	6228.229435	 128.306670	125.229435	 1.100226e-011
101 90  61.150000  6731.177121	6226.719416	 129.177121	123.719416	 1.101132e-011
101 91  61.650000  6731.254017	6225.626565	 129.254017	122.626565	 1.101781e-011
101 92  62.150000  6731.303033	6223.322149	 129.303033	120.322149	 1.101042e-011
101 93  62.650000  6731.509679	6222.108361	 129.509679	119.108361	 1.101094e-011
101 94  63.150000  6731.767909	6220.564354	 129.767909	117.564354	 1.101249e-011
101 95  63.650000  6732.813141	6218.533808	 130.813141	115.533808	 1.101998e-011
101 96  64.150000  6732.129421	6217.567073	 130.129421	114.567073	 1.100500e-011
101 97  64.650000  6732.488064	6215.440589	 130.488064	112.440589	 1.099609e-011
101 98  65.150000  6732.558154	6213.931826	 130.558154	110.931826	 1.101986e-011
101 99  65.650000  6733.194745	6212.400959	 131.194745	109.400959	 1.101788e-011
101 100  66.150000  6733.519151	6210.814718	 131.519151	107.814718	 1.102519e-011
101 101  66.650000  6733.332716	6209.434204	 131.332716	106.434204	 1.102516e-011
101 102  67.150000  6733.711630	6207.664160	 131.711630	104.664160	 1.101462e-011
101 103  67.650000  6733.778593	6206.181727	 131.778593	103.181727	 1.099465e-011
101 104  68.150000  6734.206628	6204.608972	 132.206628	101.608972	 1.102440e-011
101 105  68.650000  6734.093079	6203.033249	 132.093079	100.033249	 1.101976e-011
101 106  69.150000  6734.474322	6201.578299	 132.474322	98.578299	 1.102150e-011
101 107  69.650000  6735.003248	6199.641101	 133.003248	96.641101	 1.100813e-011
101 108  70.150000  6734.899869	6198.498051	 132.899869	95.498051	 1.101420e-011
101 109  70.650000  6735.095822	6196.852654	 133.095822	93.852654	 1.101865e-011
101 110  71.150000  6735.491590	6195.135921	 133.491590	92.135921	 1.102015e-011
101 111  71.650000  6736.065906	6193.741290	 134.065906	90.741290	 1.101609e-011
101 112  72.150000  6736.232512	6192.135099	 134.232512	89.135099	 1.102682e-011
101 113  72.650000  6736.019701	6190.582299	 134.019701	87.582299	 1.103195e-011
101 114  73.150000  6736.371029	6188.718942	 134.371029	85.718942	 1.103804e-011
101 115  73.650000  6736.966821	6187.602652	 134.966821	84.602652	 1.103671e-011
101 116  74.150000  6737.271387	6185.551771	 135.271387	82.551771	 1.103349e-011
101 117  74.650000  6737.450843	6184.308422	 135.450843	81.308422	 1.103805e-011
101 118  75.150000  6737.596098	6182.756880	 135.596098	79.756880	 1.104667e-011
101 119  75.650000  6737.492347	6180.725358	 135.492347	77.725358	 1.104042e-011
101 120  76.150000  6737.782426	6179.490534	 135.782426	76.490534	 1.104362e-011
101 121  76.650000  6738.038082	6178.030841	 136.038082	75.030841	 1.105193e-011
101 122  77.150000  6738.108108	6176.068283	 136.108108	73.068283	 1.107003e-011
101 123  77.650000  6738.554677	6174.635945	 136.554677	71.635945	 1.104246e-011
101 124  78.150000  6738.541219	6172.869740	 136.541219	69.869740	 1.105889e-011
101 125  78.650000  6738.883917	6171.922095	 136.883917	68.922095	 1.104705e-011
101 126  79.150000  6738.913303	6169.932411	 136.913303	66.932411	 1.105112e-011
101 127  79.650000  6739.560063	6168.612031	 137.560063	65.612031	 1.105561e-011
101 128  80.150000  6739.235669	6167.279816	 137.235669	64.279816	 1.104627e-011
101 129  80.650000  6739.674384	6165.287547	 137.674384	62.287547	 1.104658e-011
101 130  81.150000  6739.962435	6163.588967	 128.962435	128.588967	 1.143511e-011
101 131  81.650000  6740.398924	6162.438108	 129.398924	127.438108	 1.141470e-011
101 132  82.150000  6740.418054	6160.374149	 129.418054	125.374149	 1.143211e-011
101 133  82.650000  6740.203525	6158.634276	 129.203525	123.634276	 1.143609e-011
101 134  83.150000  6740.602993	6157.097132	 129.602993	122.097132	 1.142258e-011
101 135  83.650000  6740.791019	6155.670988	 129.791019	120.670988	 1.141944e-011
101 136  84.150000  6741.143941	6153.925342	 130.143941	118.925342	 1.143784e-011
101 137  84.650000  6741.186279	6152.559716	 130.186279	117.559716	 1.141525e-011
101 138  85.150000  6741.297067	6150.893124	 130.297067	115.893124	 1.141552e-011
101 139  85.650000  6741.525634	6149.456196	 130.525634	114.456196	 1.142237e-011
101 140  86.150000  6742.163878	6147.943459	 131.163878	112.943459	 1.143234e-011
101 141  86.650000  6742.013137	6146.207445	 131.013137	111.207445	 1.142873e-011
101 142  87.150000  6742.245217	6145.130843	 131.245217	110.130843	 1.143719e-011
101 143  87.650000  6742.984038	6142.832273	 131.984038	107.832273	 1.142099e-011
101 144  88.150000  6742.890638	6141.723260	 131.890638	106.723260	 1.142234e-011
101 145  88.650000  6742.865915	6140.071692	 131.865915	105.071692	 1.143073e-011
101 146  89.150000  6743.100868	6138.474840	 132.100868	103.474840	 1.143433e-011
101 147  89.650000  6743.504196	6137.178837	 132.504196	102.178837	 1.142376e-011
101 148  90.150000  6743.674084	6135.265324	 132.674084	100.265324	 1.142492e-011
101 149  90.650000  6743.503321	6133.889990	 132.503321	98.889990	 1.141278e-011
101 150  91.150000  6744.021362	6132.290163	 133.021362	97.290163	 1.142027e-011
101 151  91.650000  6744.320634	6130.265490	 133.320634	95.265490	 1.141898e-011
101 152  92.150000  6744.383152	6128.781788	 133.383152	93.781788	 1.142881e-011
101 153  92.650000  6744.266613	6127.800142	 133.266613	92.800142	 1.142642e-011
101 154  93.150000  6744.673762	6125.714942	 133.673762	90.714942	 1.144104e-011
101 155  93.650000  6744.719654	6124.302254	 133.719654	89.302254	 1.143781e-011
101 156  94.150000  6744.863365	6122.859556	 133.863365	87.859556	 1.144426e-011
101 157  94.650000  6745.167606	6120.901615	 134.167606	85.901615	 1.142116e-011
101 158  95.150000  6745.378881	6119.444490	 134.378881	84.444490	 1.144888e-011
101 159  95.650000  6745.703579	6118.246559	 134.703579	83.246559	 1.142710e-011
101 160  96.150000  6746.031071	6116.462324	 135.031071	81.462324	 1.143748e-011
101 161  96.650000  6746.221187	6114.685367	 135.221187	79.685367	 1.143649e-011
101 162  97.150000  6746.187160	6113.626592	 135.187160	78.626592	 1.141751e-011
101 163  97.650000  6746.278985	6111.276843	 135.278985	76.276843	 1.142252e-011
101 164  98.150000  6746.825612	6109.969187	 135.825612	74.969187	 1.142983e-011
101 165  98.650000  6746.454470	6108.448502	 135.454470	73.448502	 1.142964e-011
101 166  99.150000  6746.906439	6106.820366	 135.906439	71.820366	 1.143953e-011
101 167  99.650000  6746.933700	6105.148203	 135.933700	70.148203	 1.142754e-011
101 168  100.150000  6746.990516	6103.905459	 135.990516	68.905459	 1.141933e-011
101 169  100.650000  6747.120542	6101.973928	 136.120542	66.973928	 1.143494e-011
101 170  101.150000  6747.250746	6100.677700	 136.250746	65.677700	 1.143014e-011
101 171  101.650000  6747.806876	6098.953130	 136.806876	63.953130	 1.142767e-011
101 172  102.150000  6747.803530	6097.249858	 128.803530	128.249858	 1.093006e-011
101 173  102.650000  6748.068773	6095.723184	 129.068773	126.723184	 1.092945e-011
101 174  103.150000  6748.157296	6094.185709	 129.157296	125.185709	 1.094086e-011
101 175  103.650000  6748.217596	6092.278699	 129.217596	123.278699	 1.092591e-011
101 176  104.150000  6748.561530	6090.818164	 129.561530	121.818164	 1.092587e-011
101 177  104.650000  6748.385661	6089.524887	 129.385661	120.524887	 1.091900e-011
101 178  105.150000  6749.027520	6088.211020	 130.027520	119.211020	 1.092019e-011
101 179  105.650000  6748.720583	6086.144357	 129.720583	117.144357	 1.090883e-011
101 180  106.150000  6749.137266	6084.550327	 130.137266	115.550327	 1.091782e-011
101 181  106.650000  6749.305933	6083.173156	 130.305933	114.173156	 1.091944e-011
101 182  107.150000  6749.587446	6081.213334	 130.587446	112.213334	 1.091460e-011
101 183  107.650000  6749.672267	6079.631292	 130.672267	110.631292	 1.091197e-011
101 184  108.150000  6749.770854	6078.072840	 130.770854	109.072840	 1.090675e-011
101 185  108.650000  6750.196464	6076.923989	 131.196464	107.923989	 1.090631e-011
101 186  109.150000  6749.918929	6075.666584	 130.918929	106.666584	 1.091056e-011
101 187  109.650000  6750.511936	6073.723872	 131.511936	104.723872	 1.091058e-011
101 188  110.150000  6750.326044	6072.085225	 131.326044	103.085225	 1.090739e-011
101 189  110.650000  6750.468491	6070.559325	 131.468491	101.559325	 1.089210e-011
101 190  111.150000  6750.640858	6068.613122	 131.640858	99.613122	 1.090919e-011
101 191  111.650000  6750.886077	6066.999143	 131.886077	97.999143	 1.088604e-011
101 192  112.150000  6751.004834	6065.685591	 132.004834	96.685591	 1.090052e-011
101 193  112.650000  6751.187733	6063.895120	 132.187733	94.895120	 1.088353e-011
101 194  113.150000  6751.533901	6062.423973	 132.533901	93.423973	 1.089653e-011
101 195  113.650000  6751.597240	6061.103811	 132.597240	92.103811	 1.088559e-011
101 196  114.150000  6751.569734	6058.977871	 132.569734	89.977871	 1.088882e-011
101 197  114.650000  6751.637431	6057.681144	 132.637431	88.681144	 1.089706e-011
101 198  115.150000  6751.646844	6056.167255	 132.646844	87.167255	 1.087517e-011
101 199  115.650000  6752.065709	6054.244612	 133.065709	85.244612	 1.087938e-011
101 200  116.150000  6752.167064	6052.700433	 133.167064	83.700433	 1.086769e-011
101 201  116.650000  6752.403206	6051.610404	 133.403206	82.610404	 1.087967e-011
101 202  117.150000  6752.271088	6049.874110	 133.271088	80.874110	 1.087548e-011
101 203  117.650000  6752.905807	6047.878426	 133.905807	78.878426	 1.086427e-011
101 204  118.150000  6752.597182	6046.734080	 133.597182	77.734080	 1.087041e-011
101 205  118.650000  6753.066561	6044.950973	 134.066561	75.950973	 1.086945e-011
101 206  119.150000  6752.756453	6043.313587	 133.756453	74.313587	 1.086072e-011
101 207  119.650000  6753.421331	6041.815406	 134.421331	72.815406	 1.087351e-011
101 208  120.150000  6753.545705	6040.294304	 134.545705	71.294304	 1.087432e-011
101 209  120.650000  6753.570378	6038.772305	 134.570378	69.772305	 1.085705e-011
101 210  121.150000  6753.885849	6037.053133	 134.885849	68.053133	 1.085673e-011
101 211  121.650000  6753.620283	6035.758514	 134.620283	66.758514	 1.084659e-011
101 212  122.150000  6753.626059	6034.280590	 134.626059	65.280590	 1.086618e-011
101 213  122.650000  6754.277624	6032.282811	 135.277624	63.282811	 1.085752e-011
101 214  123.150000  6754.073895	6030.811016	 128.073895	128.811016	 1.057654e-011
101 215  123.650000  6754.329700	6029.162222	 128.329700	127.162222	 1.056864e-011
101 216  124.150000  6754.654246	6028.059099	 128.654246	126.059099	 1.055835e-011
101 217  124.650000  6754.600264	6025.658444	 128.600264	123.658444	 1.054968e-011
101 218  125.150000  6754.429892	6024.503417	 128.429892	122.503417	 1.056672e-011
101 219  125.650000  6754.843571	6022.651132	 128.843571	120.651132	 1.055639e-011
101 220  126.150000  6754.574413	6021.365971	 128.574413	119.365971	 1.055784e-011
101 221  126.650000  6755.044591	6019.498122	 129.044591	117.498122	 1.053798e-011
101 222  127.150000  6755.272489	6017.779821	 129.272489	115.779821	 1.054141e-011
101 223  127.650000  6755.106436	6016.336002	 129.106436	114.336002	 1.053629e-011
101 224  128.150000  6755.353121	6014.847813	 129.353121	112.847813	 1.054094e-011
101 225  128.650000  6755.293811	6012.950082	 129.293811	110.950082	 1.051485e-011
101 226  129.150000  6755.628616	6011.677298	 129.628616	109.677298	 1.053010e-011
101 227  129.650000  6755.743478	6010.355735	 129.743478	108.355735	 1.051255e-011
101 228  130.150000  6755.833201	6008.572037	 129.833201	106.572037	 1.051319e-011
101 229  130.650000  6756.222247	6006.765375	 130.222247	104.765375	 1.051195e-011
101 230  131.150000  6755.850585	6005.348211	 129.850585	103.348211	 1.050842e-011
101 231  131.650000  6756.408095	6004.014458	 130.408095	102.014458	 1.050864e-011
101 232  132.150000  6756.200121	6002.405094	 130.200121	100.405094	 1.050290e-011
101 233  132.650000  6756.606335	6000.583635	 130.606335	98.583635	 1.050591e-011
101 234  133.150000  6756.531650	5999.208610	 130.531650	97.208610	 1.050050e-011
101 235  133.650000  6756.685087	5997.396832	 130.685087	95.396832	 1.048750e-011
101 236  134.150000  6757.169572	5995.820575	 131.169572	93.820575	 1.049202e-011
101 237  134.650000  6756.932292	5993.886030	 130.932292	91.886030	 1.048841e-011
101 238  135.150000  6757.386877	5992.362014	 131.386877	90.362014	 1.048028e-011
101 239  135.650000  6756.462665	5991.063020	 130.462665	89.063020	 1.047688e-011
101 240  136.150000  6756.893397	5989.278648	 130.893397	87.278648	 1.047451e-011
101 241  136.650000  6757.367777	5987.949403	 131.367777	85.949403	 1.047363e-011
101 242  137.150000  6757.479268	5986.432670	 131.479268	84.432670	 1.046886e-011
101 243  137.650000  6757.192548	5984.882305	 131.192548	82.882305	 1.046869e-011
101 244  138.150000  6757.255577	5982.860029	 131.255577	80.860029	 1.045460e-011
101 245  138.650000  6758.035685	5981.601473	 132.035685	79.601473	 1.045669e-011
101 246  139.150000  6757.750018	5979.892754	 131.750018	77.892754	 1.044948e-011
101 247  139.650000  6757.502211	5978.326284	 131.502211	76.326284	 1.044503e-011
101 248  140.150000  6757.908869	5976.798347	 131.908869	74.798347	 1.043098e-011
101 249  140.650000  6758.486343	5975.627802	 132.486343	73.627802	 1.043044e-011
101 250  141.150000  6758.646722	5973.480232	 132.646722	71.480232	 1.044451e-011
101 251  141.650000  6758.509173	5972.165107	 132.509173	70.165107	 1.042079e-011
101 252  142.150000  6758.458525	5970.020336	 132.458525	68.020336	 1.042791e-011
101 253  142.650000  6758.746559	5968.799978	 132.746559	66.799978	 1.043224e-011
101 254  143.150000  6758.550965	5967.583523	 132.550965	65.583523	 1.041147e-011
101 255  143.650000  6758.819128	5965.200258	 132.819128	63.200258	 1.040624e-011
101 256  144.150000  6758.870828	5963.494070	 128.870828	128.494070	 1.045637e-011
101 257  144.650000  6758.831869	5962.280858	 128.831869	127.280858	 1.044311e-011
101 258  145.150000  6758.883026	5960.733950	 128.883026	125.733950	 1.044178e-011
101 259  145.650000  6758.915148	5959.352639	 128.915148	124.352639	 1.043704e-011
