101 1  16.650000  2378.217897	7525.371068	 128.217897	128.371068	 1.831134e-010
101 2  17.150000  2377.309343	7525.320828	 127.309343	128.320828	 1.830853e-010
101 3  17.650000  2375.589198	7525.205697	 125.589198	128.205697	 1.833610e-010
101 4  18.150000  2374.497734	7524.847688	 124.497734	127.847688	 1.831504e-010
101 5  18.650000  2373.176873	7524.754220	 123.176873	127.754220	 1.834158e-010
101 6  19.150000  2372.044811	7524.467881	 122.044811	127.467881	 1.831175e-010
101 7  19.650000  2370.706586	7524.161667	 120.706586	127.161667	 1.835118e-010
101 8  20.150000  2369.622953	7523.978829	 119.622953	126.978829	 1.834872e-010
101 9  20.650000  2368.225452	7523.750496	 118.225452	126.750496	 1.836268e-010
101 10  21.150000  2366.730981	7523.912722	 116.730981	126.912722	 1.836333e-010
101 11  21.650000  2365.525053	7523.183298	 115.525053	126.183298	 1.838926e-010
101 12  22.150000  2364.782798	7522.991022	 114.782798	125.991022	 1.837194e-010
101 13  22.650000  2363.180436	7523.258224	 113.180436	126.258224	 1.838474e-010
101 14  23.150000  2362.031047	7522.604037	 112.031047	125.604037	 1.839186e-010
101 15  23.650000  2360.596149	7522.776941	 110.596149	125.776941	 1.840620e-010
101 16  24.150000  2359.179435	7522.545048	 109.179435	125.545048	 1.840419e-010
101 17  24.650000  2358.206611	7522.326508	 108.206611	125.326508	 1.840889e-010
101 18  25.150000  2356.945750	7521.862427	 106.945750	124.862427	 1.838638e-010
101 19  25.650000  2355.874020	7522.248045	 105.874020	125.248045	 1.839404e-010
101 20  26.150000  2354.574018	7521.454686	 104.574018	124.454686	 1.842972e-010
101 21  26.650000  2353.155547	7521.349108	 103.155547	124.349108	 1.841206e-010
101 22  27.150000  2352.003680	7521.172676	 102.003680	124.172676	 1.842352e-010
101 23  27.650000  2350.926430	7521.215503	 100.926430	124.215503	 1.843469e-010
101 24  28.150000  2349.599152	7520.638924	 99.599152	123.638924	 1.844091e-010
101 25  28.650000  2348.116017	7520.617609	 98.116017	123.617609	 1.845537e-010
101 26  29.150000  2347.235649	7520.350829	 97.235649	123.350829	 1.846687e-010
101 27  29.650000  2346.065675	7520.104731	 96.065675	123.104731	 1.846265e-010
101 28  30.150000  2344.691365	7520.017887	 94.691365	123.017887	 1.843910e-010
101 29  30.650000  2343.697926	7519.750822	 93.697926	122.750822	 1.846323e-010
101 30  31.150000  2342.305117	7519.417026	 92.305117	122.417026	 1.846802e-010
101 31  31.650000  2340.757305	7519.275284	 90.757305	122.275284	 1.850003e-010
101 32  32.150000  2339.645363	7519.362125	 89.645363	122.362125	 1.848854e-010
101 33  32.650000  2338.464845	7518.990088	 88.464845	121.990088	 1.849551e-010
101 34  33.150000  2337.342699	7518.723024	 87.342699	121.723024	 1.850408e-010
101 35  33.650000  2336.086887	7518.470847	 86.086887	121.470847	 1.848139e-010
101 36  34.150000  2334.689248	7518.158279	 84.689248	121.158279	 1.848974e-010
101 37  34.650000  2333.509572	7518.080884	 83.509572	121.080884	 1.851523e-010
101 38  35.150000  2332.337479	7517.550423	 82.337479	120.550423	 1.853231e-010
101 39  35.650000  2330.903405	7517.865667	 80.903405	120.865667	 1.852092e-010
101 40  36.150000  2329.953079	7517.510470	 79.953079	120.510470	 1.853067e-010
101 41  36.650000  2329.101102	7517.388797	 79.101102	120.388797	 1.854026e-010
101 42  37.150000  2327.348474	7516.997417	 77.348474	119.997417	 1.852230e-010
101 43  37.650000  2326.494110	7516.966275	 76.494110	119.966275	 1.855800e-010
101 44  38.150000  2324.916709	7516.529904	 74.916709	119.529904	 1.854853e-010
101 45  38.650000  2323.787367	7516.244798	 73.787367	119.244798	 1.855891e-010
101 46  39.150000  2322.333810	7516.172058	 72.333810	119.172058	 1.856749e-010
101 47  39.650000  2321.357563	7515.889027	 71.357563	118.889027	 1.858273e-010
101 48  40.150000  2320.105373	7515.623483	 70.105373	118.623483	 1.859829e-010
101 49  40.650000  2318.887363	7515.452543	 68.887363	118.452543	 1.860339e-010
101 50  41.150000  2317.825533	7514.813470	 67.825533	117.813470	 1.858869e-010
101 51  41.650000  2316.395768	7514.728785	 66.395768	117.728785	 1.859432e-010
101 52  42.150000  2315.072727	7514.543522	 65.072727	117.543522	 1.858910e-010
101 53  42.650000  2314.140338	7514.642051	 64.140338	117.642051	 1.860156e-010
101 54  43.150000  2312.771303	7514.267366	 62.771303	117.267366	 1.859584e-010
101 55  43.650000  2311.301414	7513.974099	 128.301414	127.974099	 1.373522e-010
101 56  44.150000  2310.577361	7513.801249	 127.577361	127.801249	 1.374930e-010
101 57  44.650000  2309.209492	7513.539343	 126.209492	127.539343	 1.375887e-010
101 58  45.150000  2307.945292	7513.155120	 124.945292	127.155120	 1.376828e-010
101 59  45.650000  2306.600985	7513.039443	 123.600985	127.039443	 1.375626e-010
101 60  46.150000  2305.369358	7512.863346	 122.369358	126.863346	 1.375868e-010
101 61  46.650000  2304.300496	7512.737140	 121.300496	126.737140	 1.376684e-010
101 62  47.150000  2303.155027	7512.369604	 120.155027	126.369604	 1.376132e-010
101 63  47.650000  2302.233745	7512.442286	 119.233745	126.442286	 1.378116e-010
101 64  48.150000  2300.839229	7512.212450	 117.839229	126.212450	 1.376586e-010
101 65  48.650000  2299.786398	7511.875742	 116.786398	125.875742	 1.380147e-010
101 66  49.150000  2298.454484	7511.487448	 115.454484	125.487448	 1.378203e-010
101 67  49.650000  2297.188953	7510.966589	 114.188953	124.966589	 1.378988e-010
101 68  50.150000  2295.849412	7510.859026	 112.849412	124.859026	 1.378975e-010
101 69  50.650000  2294.988037	7510.871685	 111.988037	124.871685	 1.380763e-010
101 70  51.150000  2293.834440	7510.418524	 110.834440	124.418524	 1.379166e-010
101 71  51.650000  2292.515602	7510.690491	 109.515602	124.690491	 1.380736e-010
101 72  52.150000  2290.995715	7510.114520	 107.995715	124.114520	 1.381343e-010
101 73  52.650000  2289.787323	7510.065450	 106.787323	124.065450	 1.382103e-010
101 74  53.150000  2288.847105	7509.382982	 105.847105	123.382982	 1.381609e-010
101 75  53.650000  2287.669881	7509.367436	 104.669881	123.367436	 1.383907e-010
101 76  54.150000  2286.321231	7509.190823	 103.321231	123.190823	 1.382802e-010
101 77  54.650000  2285.259585	7508.822701	 102.259585	122.822701	 1.384374e-010
101 78  55.150000  2283.875548	7508.648864	 100.875548	122.648864	 1.384099e-010
101 79  55.650000  2282.750149	7508.295195	 99.750149	122.295195	 1.386458e-010
101 80  56.150000  2281.468399	7508.274594	 98.468399	122.274594	 1.385206e-010
101 81  56.650000  2280.367348	7507.722944	 97.367348	121.722944	 1.385799e-010
101 82  57.150000  2279.381733	7507.860632	 96.381733	121.860632	 1.384027e-010
101 83  57.650000  2278.010398	7507.282038	 95.010398	121.282038	 1.386719e-010
101 84  58.150000  2276.532737	7506.845559	 93.532737	120.845559	 1.384586e-010
101 85  58.650000  2275.484325	7506.710375	 92.484325	120.710375	 1.385194e-010
101 86  59.150000  2274.548556	7506.566345	 91.548556	120.566345	 1.386302e-010
101 87  59.650000  2273.197791	7506.428057	 90.197791	120.428057	 1.389836e-010
101 88  60.150000  2272.005387	7506.065348	 89.005387	120.065348	 1.389497e-010
101 89  60.650000  2271.067798	7505.580261	 88.067798	119.580261	 1.389877e-010
101 90  61.150000  2270.073403	7505.672699	 87.073403	119.672699	 1.389178e-010
101 91  61.650000  2268.679076	7505.470695	 85.679076	119.470695	 1.390908e-010
101 92  62.150000  2267.384541	7505.240292	 84.384541	119.240292	 1.388323e-010
101 93  62.650000  2266.299575	7504.732427	 83.299575	118.732427	 1.391186e-010
101 94  63.150000  2265.286862	7504.792703	 82.286862	118.792703	 1.391037e-010
101 95  63.650000  2263.815935	7504.532494	 80.815935	118.532494	 1.391246e-010
101 96  64.150000  2262.338252	7504.231862	 79.338252	118.231862	 1.390892e-010
101 97  64.650000  2261.484434	7503.676898	 78.484434	117.676898	 1.390335e-010
101 98  65.150000  2260.271189	7503.496673	 77.271189	117.496673	 1.390580e-010
101 99  65.650000  2259.181088	7503.540551	 76.181088	117.540551	 1.393827e-010
101 100  66.150000  2257.808246	7503.056858	 74.808246	117.056858	 1.394113e-010
101 101  66.650000  2256.813509	7502.995491	 73.813509	116.995491	 1.395191e-010
101 102  67.150000  2255.732191	7502.733033	 72.732191	116.733033	 1.395039e-010
101 103  67.650000  2254.206674	7502.385850	 71.206674	116.385850	 1.396080e-010
101 104  68.150000  2253.129156	7501.986708	 70.129156	115.986708	 1.395356e-010
101 105  68.650000  2252.314209	7501.676325	 69.314209	115.676325	 1.396738e-010
101 106  69.150000  2251.352985	7501.684267	 68.352985	115.684267	 1.398730e-010
101 107  69.650000  2249.568794	7501.543302	 66.568794	115.543302	 1.397455e-010
101 108  70.150000  2248.515544	7500.974796	 65.515544	114.974796	 1.396633e-010
101 109  70.650000  2247.630935	7500.751972	 64.630935	114.751972	 1.397773e-010
101 110  71.150000  2246.470683	7500.621539	 63.470683	114.621539	 1.396676e-010
101 111  71.650000  2245.095920	7500.476626	 128.095920	128.476626	 1.189929e-010
101 112  72.150000  2244.011385	7500.163704	 127.011385	128.163704	 1.192388e-010
101 113  72.650000  2242.853989	7500.126457	 125.853989	128.126457	 1.192155e-010
101 114  73.150000  2241.705862	7499.726563	 124.705862	127.726563	 1.192065e-010
101 115  73.650000  2240.835908	7499.271264	 123.835908	127.271264	 1.191969e-010
101 116  74.150000  2239.153390	7499.183239	 122.153390	127.183239	 1.192872e-010
101 117  74.650000  2238.091764	7498.512952	 121.091764	126.512952	 1.193009e-010
101 118  75.150000  2236.926657	7498.661837	 119.926657	126.661837	 1.192240e-010
101 119  75.650000  2236.140509	7498.063432	 119.140509	126.063432	 1.192491e-010
101 120  76.150000  2234.756772	7498.031833	 117.756772	126.031833	 1.192364e-010
101 121  76.650000  2233.560213	7497.831958	 116.560213	125.831958	 1.192204e-010
101 122  77.150000  2232.467046	7497.148973	 115.467046	125.148973	 1.191712e-010
101 123  77.650000  2231.115338	7497.105194	 114.115338	125.105194	 1.191604e-010
101 124  78.150000  2230.322394	7496.789310	 113.322394	124.789310	 1.192554e-010
101 125  78.650000  2229.053019	7496.370163	 112.053019	124.370163	 1.192241e-010
101 126  79.150000  2227.693529	7496.248654	 110.693529	124.248654	 1.192035e-010
101 127  79.650000  2226.376256	7496.100397	 109.376256	124.100397	 1.193094e-010
101 128  80.150000  2225.501797	7495.904058	 108.501797	123.904058	 1.191659e-010
101 129  80.650000  2224.339558	7495.692496	 107.339558	123.692496	 1.192989e-010
101 130  81.150000  2223.352184	7495.455960	 106.352184	123.455960	 1.193229e-010
101 131  81.650000  2222.057586	7494.935820	 105.057586	122.935820	 1.192882e-010
101 132  82.150000  2221.056391	7494.644982	 104.056391	122.644982	 1.193724e-010
101 133  82.650000  2219.720472	7494.290009	 102.720472	122.290009	 1.193473e-010
101 134  83.150000  2218.432226	7494.179413	 101.432226	122.179413	 1.192581e-010
101 135  83.650000  2217.465704	7494.238586	 100.465704	122.238586	 1.193129e-010
101 136  84.150000  2216.502599	7493.705451	 99.502599	121.705451	 1.194033e-010
101 137  84.650000  2215.208046	7493.353963	 98.208046	121.353963	 1.193735e-010
101 138  85.150000  2214.239847	7493.180520	 97.239847	121.180520	 1.192511e-010
101 139  85.650000  2212.980618	7492.954566	 95.980618	120.954566	 1.193986e-010
101 140  86.150000  2212.156843	7492.581884	 95.156843	120.581884	 1.192380e-010
101 141  86.650000  2210.665260	7492.232122	 93.665260	120.232122	 1.192116e-010
101 142  87.150000  2209.498796	7491.835214	 92.498796	119.835214	 1.192637e-010
101 143  87.650000  2208.259454	7491.879209	 91.259454	119.879209	 1.192624e-010
101 144  88.150000  2207.192183	7491.319077	 90.192183	119.319077	 1.193099e-010
101 145  88.650000  2205.977572	7491.433831	 88.977572	119.433831	 1.193994e-010
101 146  89.150000  2204.886651	7490.922274	 87.886651	118.922274	 1.193424e-010
101 147  89.650000  2203.796786	7490.918924	 86.796786	118.918924	 1.192343e-010
101 148  90.150000  2202.835174	7490.491334	 85.835174	118.491334	 1.193030e-010
101 149  90.650000  2201.754504	7489.979889	 84.754504	117.979889	 1.193394e-010
101 150  91.150000  2200.263692	7489.833309	 83.263692	117.833309	 1.194796e-010
101 151  91.650000  2199.286067	7489.742682	 82.286067	117.742682	 1.194169e-010
101 152  92.150000  2198.158545	7489.479155	 81.158545	117.479155	 1.194962e-010
101 153  92.650000  2196.956103	7489.143949	 79.956103	117.143949	 1.194180e-010
101 154  93.150000  2195.897001	7488.901077	 78.897001	116.901077	 1.192159e-010
101 155  93.650000  2194.495346	7487.994468	 77.495346	115.994468	 1.192606e-010
101 156  94.150000  2193.221415	7488.288872	 76.221415	116.288872	 1.194693e-010
101 157  94.650000  2192.376115	7488.128075	 75.376115	116.128075	 1.193312e-010
101 158  95.150000  2191.294734	7487.315219	 74.294734	115.315219	 1.193341e-010
101 159  95.650000  2190.268372	7487.326559	 73.268372	115.326559	 1.193354e-010
101 160  96.150000  2189.169017	7487.155011	 72.169017	115.155011	 1.194002e-010
101 161  96.650000  2187.922835	7486.597369	 70.922835	114.597369	 1.192594e-010
101 162  97.150000  2186.884117	7486.250269	 69.884117	114.250269	 1.193878e-010
101 163  97.650000  2185.674793	7486.234666	 68.674793	114.234666	 1.195003e-010
101 164  98.150000  2184.671702	7485.753480	 67.671702	113.753480	 1.195039e-010
101 165  98.650000  2183.312562	7485.478050	 66.312562	113.478050	 1.194253e-010
101 166  99.150000  2182.628960	7485.337417	 65.628960	113.337417	 1.193063e-010
101 167  99.650000  2181.350757	7485.077309	 64.350757	113.077309	 1.194556e-010
101 168  100.150000  2180.156773	7484.409519	 63.156773	112.409519	 1.193070e-010
101 169  100.650000  2179.019033	7484.441210	 128.019033	128.441210	 1.308957e-010
101 170  101.150000  2177.805520	7484.031605	 126.805520	128.031605	 1.309743e-010
101 171  101.650000  2177.012948	7483.498385	 126.012948	127.498385	 1.308910e-010
101 172  102.150000  2175.672612	7483.477076	 124.672612	127.477076	 1.308801e-010
101 173  102.650000  2174.429088	7483.253674	 123.429088	127.253674	 1.307837e-010
101 174  103.150000  2173.488936	7483.052397	 122.488936	127.052397	 1.307996e-010
101 175  103.650000  2172.478436	7482.817878	 121.478436	126.817878	 1.309016e-010
101 176  104.150000  2171.126866	7482.347983	 120.126866	126.347983	 1.308613e-010
101 177  104.650000  2170.103928	7481.765256	 119.103928	125.765256	 1.307999e-010
101 178  105.150000  2169.057836	7481.707765	 118.057836	125.707765	 1.307523e-010
101 179  105.650000  2167.849400	7481.262882	 116.849400	125.262882	 1.308334e-010
101 180  106.150000  2166.808615	7481.227252	 115.808615	125.227252	 1.307663e-010
101 181  106.650000  2165.817615	7480.952235	 114.817615	124.952235	 1.306455e-010
101 182  107.150000  2164.621043	7480.377050	 113.621043	124.377050	 1.307631e-010
101 183  107.650000  2163.443572	7480.179808	 112.443572	124.179808	 1.307234e-010
101 184  108.150000  2162.372288	7479.958753	 111.372288	123.958753	 1.306893e-010
101 185  108.650000  2161.149653	7479.447167	 110.149653	123.447167	 1.307163e-010
101 186  109.150000  2160.194637	7479.168902	 109.194637	123.168902	 1.306840e-010
101 187  109.650000  2158.775333	7479.124493	 107.775333	123.124493	 1.306695e-010
101 188  110.150000  2157.910124	7478.806145	 106.910124	122.806145	 1.306616e-010
101 189  110.650000  2156.687251	7478.309085	 105.687251	122.309085	 1.305232e-010
101 190  111.150000  2155.565328	7477.952689	 104.565328	121.952689	 1.305771e-010
101 191  111.650000  2154.820475	7477.805632	 103.820475	121.805632	 1.304968e-010
101 192  112.150000  2153.398514	7477.527723	 102.398514	121.527723	 1.304128e-010
101 193  112.650000  2152.330752	7477.037317	 101.330752	121.037317	 1.305012e-010
101 194  113.150000  2151.398654	7477.088631	 100.398654	121.088631	 1.305439e-010
101 195  113.650000  2150.095346	7476.613317	 99.095346	120.613317	 1.304533e-010
101 196  114.150000  2149.307985	7476.348552	 98.307985	120.348552	 1.304701e-010
101 197  114.650000  2147.897433	7475.880618	 96.897433	119.880618	 1.304278e-010
101 198  115.150000  2147.023867	7475.411996	 96.023867	119.411996	 1.304489e-010
101 199  115.650000  2145.825963	7475.378085	 94.825963	119.378085	 1.303416e-010
101 200  116.150000  2144.692468	7475.085706	 93.692468	119.085706	 1.304897e-010
101 201  116.650000  2143.557679	7474.663567	 92.557679	118.663567	 1.304884e-010
101 202  117.150000  2142.512298	7474.229002	 91.512298	118.229002	 1.304340e-010
101 203  117.650000  2141.568476	7474.264871	 90.568476	118.264871	 1.303108e-010
101 204  118.150000  2140.174093	7474.177753	 89.174093	118.177753	 1.303752e-010
101 205  118.650000  2139.209693	7473.236857	 88.209693	117.236857	 1.303038e-010
101 206  119.150000  2138.582747	7473.241046	 87.582747	117.241046	 1.302411e-010
101 207  119.650000  2137.277935	7472.724876	 86.277935	116.724876	 1.303330e-010
101 208  120.150000  2136.277623	7472.612974	 85.277623	116.612974	 1.302379e-010
101 209  120.650000  2135.146769	7472.160214	 84.146769	116.160214	 1.301881e-010
101 210  121.150000  2133.943488	7471.737337	 82.943488	115.737337	 1.300329e-010
101 211  121.650000  2132.755297	7471.757087	 81.755297	115.757087	 1.303054e-010
101 212  122.150000  2131.986062	7471.597259	 80.986062	115.597259	 1.302234e-010
101 213  122.650000  2130.820301	7470.738129	 79.820301	114.738129	 1.301845e-010
101 214  123.150000  2129.532467	7470.986191	 78.532467	114.986191	 1.302543e-010
101 215  123.650000  2128.500618	7470.450395	 77.500618	114.450395	 1.302210e-010
101 216  124.150000  2127.740024	7469.884544	 76.740024	113.884544	 1.301716e-010
101 217  124.650000  2126.475334	7469.779933	 75.475334	113.779933	 1.301252e-010
101 218  125.150000  2125.282047	7469.326705	 74.282047	113.326705	 1.301040e-010
101 219  125.650000  2124.214704	7469.025959	 73.214704	113.025959	 1.301016e-010
101 220  126.150000  2123.247946	7468.812519	 72.247946	112.812519	 1.299862e-010
101 221  126.650000  2122.244011	7468.465905	 71.244011	112.465905	 1.300702e-010
101 222  127.150000  2120.982124	7467.897411	 69.982124	111.897411	 1.300671e-010
101 223  127.650000  2119.993281	7467.534546	 68.993281	111.534546	 1.298853e-010
101 224  128.150000  2119.050138	7467.446659	 68.050138	111.446659	 1.300070e-010
101 225  128.650000  2118.010067	7467.323121	 67.010067	111.323121	 1.298416e-010
101 226  129.150000  2116.797067	7466.642405	 65.797067	110.642405	 1.299030e-010
101 227  129.650000  2115.863221	7466.478532	 64.863221	110.478532	 1.298955e-010
101 228  130.150000  2114.986996	7466.173878	 63.986996	110.173878	 1.298841e-010
101 229  130.650000  2113.824118	7465.597406	 128.824118	128.597406	 1.561202e-010
101 230  131.150000  2112.435378	7465.621510	 127.435378	128.621510	 1.560857e-010
101 231  131.650000  2111.802630	7464.834346	 126.802630	127.834346	 1.561082e-010
101 232  132.150000  2110.286455	7465.192716	 125.286455	128.192716	 1.560357e-010
101 233  132.650000  2109.173971	7464.559722	 124.173971	127.559722	 1.560705e-010
101 234  133.150000  2108.195861	7464.230212	 123.195861	127.230212	 1.560614e-010
101 235  133.650000  2107.094414	7463.991831	 122.094414	126.991831	 1.559583e-010
101 236  134.150000  2106.002580	7463.575682	 121.002580	126.575682	 1.558957e-010
101 237  134.650000  2105.103282	7463.530372	 120.103282	126.530372	 1.558386e-010
101 238  135.150000  2104.339584	7462.789476	 119.339584	125.789476	 1.557903e-010
101 239  135.650000  2102.746208	7462.571229	 117.746208	125.571229	 1.558038e-010
101 240  136.150000  2101.637516	7462.339643	 116.637516	125.339643	 1.557270e-010
101 241  136.650000  2100.861029	7462.121108	 115.861029	125.121108	 1.556112e-010
101 242  137.150000  2100.066366	7461.595877	 115.066366	124.595877	 1.556839e-010
101 243  137.650000  2098.704757	7461.446356	 113.704757	124.446356	 1.557051e-010
101 244  138.150000  2097.652462	7461.012304	 112.652462	124.012304	 1.555473e-010
101 245  138.650000  2096.779064	7460.574317	 111.779064	123.574317	 1.555743e-010
101 246  139.150000  2095.617415	7460.380438	 110.617415	123.380438	 1.555588e-010
101 247  139.650000  2094.744703	7460.222449	 109.744703	123.222449	 1.553966e-010
101 248  140.150000  2093.417368	7459.573240	 108.417368	122.573240	 1.554404e-010
101 249  140.650000  2092.384457	7459.174455	 107.384457	122.174455	 1.554149e-010
101 250  141.150000  2091.335079	7459.012061	 106.335079	122.012061	 1.554173e-010
101 251  141.650000  2090.571465	7458.780300	 105.571465	121.780300	 1.552878e-010
101 252  142.150000  2089.261691	7458.227854	 104.261691	121.227854	 1.553466e-010
101 253  142.650000  2088.184326	7458.266791	 103.184326	121.266791	 1.552736e-010
101 254  143.150000  2087.053439	7457.780166	 102.053439	120.780166	 1.553005e-010
101 255  143.650000  2086.057840	7457.541410	 101.057840	120.541410	 1.551450e-010
101 256  144.150000  2085.386502	7457.048634	 100.386502	120.048634	 1.551836e-010
101 257  144.650000  2083.906784	7456.603986	 98.906784	119.603986	 1.550576e-010
101 258  145.150000  2083.149947	7456.349007	 98.149947	119.349007	 1.550872e-010
101 259  145.650000  2081.747977	7455.819576	 96.747977	118.819576	 1.550199e-010
